vector_1 <- c(2,4,6)

