vector_1 <- c(2,4,6)

vector_2 <- c(7,8,9)
